2 0.7541073384446878 0.15565438373570523 0.2705366922234392 0.1537484116899619
2 0.0783132530120482 0.08386277001270648 0.09967141292442497 0.05844980940279543
2 0.192223439211391 0.08259212198221093 0.10186199342825848 0.05844980940279543
2 0.3066812705366922 0.08386277001270648 0.10295728368017525 0.060991105463786534
2 0.42113910186199344 0.08386277001270648 0.104052573932092 0.060991105463786534
2 0.5345016429353778 0.08449809402795426 0.10076670317634173 0.05463786531130877
2 0.07940854326396495 0.2153748411689962 0.09967141292442497 0.059720457433290984
2 0.1927710843373494 0.21728081321473952 0.09857612267250822 0.060991105463786534
2 0.3072289156626506 0.21728081321473952 0.09967141292442497 0.060991105463786534
2 0.42113910186199344 0.21473951715374842 0.10186199342825848 0.060991105463786534
2 0.5345016429353778 0.21791613722998732 0.10076670317634173 0.059720457433290984
2 0.07995618838992333 0.34815756035578144 0.09857612267250822 0.05844980940279543
2 0.19386637458926614 0.34815756035578144 0.09857612267250822 0.05590851334180432
2 0.30613362541073386 0.34942820838627703 0.09967141292442497 0.060991105463786534
2 0.42113910186199344 0.35006353240152477 0.10186199342825848 0.06480304955527319
2 0.5350492880613362 0.34815756035578144 0.10624315443592552 0.06353240152477764
2 0.07776560788608981 0.4796696315120712 0.10514786418400876 0.059720457433290984
2 0.19386637458926614 0.4822109275730623 0.10076670317634173 0.059720457433290984
2 0.3066812705366922 0.4822109275730623 0.10076670317634173 0.059720457433290984
2 0.42059145673603504 0.4815756035578145 0.10076670317634173 0.05844980940279543
2 0.5345016429353778 0.4815756035578145 0.10076670317634173 0.05844980940279543
2 0.07995618838992333 0.6143583227445998 0.10295728368017525 0.062261753494282084
2 0.192223439211391 0.6130876747141042 0.09967141292442497 0.059720457433290984
