2 0.154 0.148 0.3 0.076
2 0.502 0.1395 0.36133333333333334 0.077
2 0.8453333333333333 0.1385 0.304 0.083
2 0.15466666666666667 0.23800000000000002 0.30133333333333334 0.076
2 0.5013333333333333 0.228 0.36266666666666664 0.076
2 0.8466666666666667 0.227 0.30133333333333334 0.082
2 0.156 0.3265 0.30133333333333334 0.079
2 0.5013333333333333 0.317 0.36266666666666664 0.078
2 0.8473333333333333 0.3165 0.30266666666666664 0.083
2 0.156 0.417 0.30133333333333334 0.078
2 0.5013333333333333 0.40700000000000003 0.36 0.078
2 0.848 0.40650000000000003 0.30666666666666664 0.083
2 0.156 0.506 0.304 0.078
2 0.5033333333333333 0.496 0.35866666666666663 0.08
2 0.8473333333333333 0.495 0.30266666666666664 0.084
2 0.15466666666666667 0.595 0.30666666666666664 0.08
2 0.5013333333333333 0.5855 0.36266666666666664 0.079
2 0.8466666666666667 0.586 0.30133333333333334 0.084
2 0.156 0.684 0.304 0.078
2 0.5013333333333333 0.676 0.36 0.078
2 0.8473333333333333 0.674 0.30266666666666664 0.082
2 0.15466666666666667 0.7725 0.30133333333333334 0.077
2 0.5013333333333333 0.763 0.36266666666666664 0.076
2 0.8466666666666667 0.764 0.304 0.082
2 0.15466666666666667 0.862 0.30133333333333334 0.076
2 0.4993333333333333 0.8525 0.36133333333333334 0.077
2 0.8466666666666667 0.8525 0.304 0.083
