0 0.22395833333333334 0.12592592592592594 0.3833333333333333 0.13703703703703704
0 0.22317708333333333 0.3148148148148148 0.3796875 0.13148148148148148
0 0.22317708333333333 0.5037037037037038 0.3807291666666667 0.13148148148148148
0 0.22291666666666665 0.6930555555555555 0.3770833333333333 0.13240740740740742
0 0.19088541666666667 0.8393518518518519 0.31197916666666664 0.04351851851851852
0 0.7190104166666667 0.11712962962962964 0.28489583333333335 0.11388888888888889
0 0.7239583333333334 0.3106481481481482 0.275 0.11203703703703705
0 0.7200520833333334 0.49583333333333335 0.28489583333333335 0.12314814814814816
0 0.7236979166666666 0.688425925925926 0.2755208333333333 0.12314814814814816
0 0.7239583333333334 0.8398148148148148 0.275 0.044444444444444446
