0 0.17307692307692307 0.9433333333333334 0.16153846153846155 0.07333333333333333
0 0.35000000000000003 0.9400000000000001 0.16923076923076924 0.08
0 0.17692307692307693 0.8350000000000001 0.16923076923076924 0.07666666666666667
0 0.34615384615384615 0.8283333333333334 0.15384615384615385 0.07666666666666667
0 0.5153846153846154 0.8266666666666668 0.17692307692307693 0.07333333333333333
0 0.1826923076923077 0.7133333333333334 0.17307692307692307 0.08
0 0.3480769230769231 0.7166666666666667 0.1576923076923077 0.06666666666666667
0 0.5134615384615385 0.7150000000000001 0.1653846153846154 0.07
0 0.17500000000000002 0.6116666666666667 0.1576923076923077 0.06333333333333334
0 0.34423076923076923 0.615 0.1576923076923077 0.07666666666666667
0 0.17500000000000002 0.5233333333333333 0.1653846153846154 0.06666666666666667
0 0.34423076923076923 0.5266666666666667 0.1653846153846154 0.07333333333333333
0 0.5115384615384616 0.525 0.17692307692307693 0.07666666666666667
0 0.17307692307692307 0.4216666666666667 0.16923076923076924 0.07666666666666667
0 0.17692307692307693 0.32 0.16153846153846155 0.07333333333333333
0 0.34615384615384615 0.3216666666666667 0.16153846153846155 0.07666666666666667
0 0.17692307692307693 0.23 0.16923076923076924 0.06666666666666667
0 0.34615384615384615 0.22666666666666668 0.15384615384615385 0.07333333333333333
0 0.5096153846153847 0.2316666666666667 0.1653846153846154 0.08333333333333334
0 0.6807692307692308 0.22666666666666668 0.16153846153846155 0.08
0 0.8480769230769232 0.22666666666666668 0.1653846153846154 0.06666666666666667
0 0.17692307692307693 0.13333333333333333 0.16923076923076924 0.07333333333333333
0 0.17692307692307693 0.043333333333333335 0.16923076923076924 0.07333333333333333
0 0.3480769230769231 0.045000000000000005 0.1576923076923077 0.07
0 0.5115384615384616 0.04666666666666667 0.16153846153846155 0.07333333333333333
0 0.6788461538461539 0.04833333333333334 0.1653846153846154 0.07
