1 0.105 0.1136890951276102 0.17500000000000002 0.11136890951276102
1 0.10312500000000001 0.25754060324825984 0.17625 0.10672853828306264
1 0.10375000000000001 0.41183294663573083 0.1775 0.09976798143851508
1 0.10250000000000001 0.6020881670533642 0.1775 0.10440835266821345
1 0.10125 0.7563805104408352 0.1825 0.10672853828306264
1 0.29625 0.11252900232018562 0.18 0.12296983758700696
1 0.29625 0.26218097447795824 0.18 0.10208816705336426
1 0.29625 0.40951276102088163 0.18 0.09976798143851508
1 0.29812500000000003 0.6032482598607889 0.17875 0.10672853828306264
1 0.29625 0.7610208816705336 0.1825 0.12064965197215777
1 0.496875 0.11136890951276102 0.18125 0.10208816705336426
1 0.49625 0.265661252900232 0.18 0.10904872389791183
1 0.494375 0.4153132250580046 0.18125 0.10208816705336426
1 0.495 0.605568445475638 0.1875 0.11136890951276102
1 0.494375 0.7621809744779582 0.18125 0.10904872389791183
1 0.693125 0.11252900232018562 0.18625 0.10904872389791183
1 0.69375 0.2679814385150812 0.1825 0.1136890951276102
1 0.694375 0.41647331786542924 0.18625 0.10440835266821345
1 0.6925 0.605568445475638 0.1875 0.10672853828306264
1 0.6925 0.7587006960556845 0.185 0.10672853828306264
1 0.895 0.10904872389791183 0.1875 0.10672853828306264
1 0.895 0.27378190255220414 0.1875 0.10208816705336426
1 0.8931250000000001 0.4187935034802784 0.18375 0.10440835266821345
1 0.8931250000000001 0.6020881670533642 0.18875 0.10440835266821345
1 0.8931250000000001 0.771461716937355 0.19125 0.1136890951276102
