1 0.23739035087719296 0.12790697674418605 0.2774122807017544 0.1821705426356589
1 0.23958333333333331 0.3178294573643411 0.2774122807017544 0.17054263565891473
1 0.23958333333333331 0.5038759689922481 0.2774122807017544 0.17829457364341084
1 0.23848684210526314 0.6928294573643411 0.2774122807017544 0.17248062015503876
1 0.23848684210526314 0.8808139534883721 0.27521929824561403 0.17248062015503876
1 0.787828947368421 0.12887596899224807 0.2730263157894737 0.17635658914728683
1 0.7856359649122806 0.3178294573643411 0.2774122807017544 0.1744186046511628
1 0.7872807017543859 0.500968992248062 0.2763157894736842 0.18023255813953487
1 0.7883771929824561 0.7054263565891473 0.2763157894736842 0.17829457364341084
1 0.7867324561403508 0.8866279069767442 0.2730263157894737 0.17248062015503876
